CST,Max TemperatureF,Mean TemperatureF,Min TemperatureF,Max Dew PointF,MeanDew PointF,Min DewpointF,Max Humidity, Mean Humidity, Min Humidity, Max Sea Level PressureIn, Mean Sea Level PressureIn, Min Sea Level PressureIn, Max VisibilityMiles, Mean VisibilityMiles, Min VisibilityMiles, Max Wind SpeedMPH, Mean Wind SpeedMPH, Max Gust SpeedMPH,PrecipitationIn, CloudCover, Events, WindDirDegrees
2015-12-1,43,40,37,43,36,27,100,83,57,29.87,29.83,29.80,10,8,2,18,9,25,0.19,7,Rain-Thunderstorm,202
2015-12-2,37,34,30,32,30,26,100,89,76,30.09,29.81,29.74,10,5,1,14,7,18,0.11,7,Snow,294
2015-12-3,35,33,30,31,30,26,89,87,81,30.43,30.28,30.08,10,9,7,16,9,21,0.00,7,,268
2015-12-4,48,40,32,37,33,31,97,88,56,30.61,30.53,30.41,10,7,3,15,7,18,0.00,4,,210
2015-12-5,46,38,30,34,31,29,100,89,51,30.66,30.59,30.47,10,6,2,13,8,16,0.00,5,,186
2015-12-6,48,38,28,35,32,28,100,85,61,30.45,30.32,30.22,10,7,2,9,4,13,0.00,0,,186
2015-12-7,39,33,27,37,32,27,100,97,89,30.28,30.19,30.04,7,2,0,17,7,21,0.00,5,Fog,219
2015-12-8,47,43,39,42,38,34,89,84,76,30.04,29.90,29.73,10,8,5,16,10,20,0.00,4,,187
2015-12-9,52,45,38,43,40,36,93,81,59,29.79,29.72,29.65,10,9,5,13,7,16,0.00,1,,225
2015-12-10,57,49,40,42,38,36,89,67,51,29.75,29.59,29.44,10,10,10,33,14,47,0.00,1,,207
2015-12-11,51,47,43,43,36,33,86,68,54,29.86,29.79,29.61,10,10,9,16,6,24,T,2,,198
2015-12-12,51,49,46,50,46,44,100,96,86,30.02,29.95,29.83,10,2,0,9,2,11,T,8,Fog-Rain,38
2015-12-13,62,55,47,59,55,46,100,94,83,29.96,29.76,29.44,10,6,0,24,11,32,0.77,8,Fog-Rain,170
2015-12-14,61,52,43,57,46,37,93,86,77,29.60,29.33,29.21,10,8,1,28,13,40,0.58,7,Rain,212
2015-12-15,43,41,38,40,35,32,96,83,73,29.98,29.87,29.61,10,10,2,15,7,20,T,8,Rain,47
2015-12-16,54,45,35,45,37,26,93,80,46,29.89,29.69,29.53,10,9,4,25,15,34,0.05,8,Rain,191
2015-12-17,35,32,28,26,21,20,81,68,56,29.98,29.89,29.74,10,10,10,24,13,32,0.00,4,,264
2015-12-18,32,28,24,23,17,11,88,67,49,30.14,30.01,29.95,10,9,2,25,11,33,T,5,Snow,281
2015-12-19,30,22,14,18,12,7,78,65,45,30.43,30.33,30.12,10,10,10,20,10,26,0.00,1,,250
2015-12-20,51,38,25,37,28,18,79,61,43,30.33,30.05,29.86,10,10,10,25,14,35,0.01,2,Rain,190
2015-12-21,52,46,40,49,43,39,100,95,86,29.84,29.76,29.69,10,6,1,22,10,32,0.54,8,Rain,231
2015-12-22,41,38,35,40,36,32,100,91,79,29.89,29.82,29.73,10,7,2,17,7,22,0.01,8,,207
2015-12-23,59,50,41,57,49,33,100,92,69,29.69,29.39,29.13,10,5,0,36,14,49,0.42,7,Fog-Rain-Thunderstorm,165
2015-12-24,41,38,34,34,30,27,86,72,65,30.08,29.89,29.51,10,10,10,25,9,35,0.00,5,,230
2015-12-25,44,38,32,35,32,30,96,83,62,30.41,30.30,30.09,10,10,8,12,6,15,0.00,2,,29
2015-12-26,42,40,38,42,38,32,100,91,73,30.34,30.12,30.02,10,4,0,16,9,23,0.04,7,Rain,52
2015-12-27,39,37,34,39,32,25,100,83,67,30.41,30.27,30.07,10,9,4,23,15,34,0.08,8,Rain,13
2015-12-28,37,34,31,36,30,24,100,89,67,30.36,29.87,29.48,10,4,1,28,16,39,0.75,8,Rain-Snow,70
2015-12-29,38,34,29,37,29,23,100,87,78,30.20,29.91,29.51,10,9,2,16,9,21,0.16,8,Rain,258
2015-12-30,30,29,27,25,23,21,92,81,75,30.26,30.21,30.18,10,8,1,13,7,17,T,8,Snow,258
2015-12-31,29,26,22,22,18,14,81,73,65,30.32,30.28,30.22,10,10,8,18,11,25,0.00,7,,259
2016-1-1,31,25,18,22,17,12,78,72,66,30.24,30.18,30.12,10,10,7,20,12,27,T,4,,255
2016-1-2,34,28,21,23,19,17,85,71,59,30.15,30.07,29.95,10,10,10,18,10,28,0.00,1,,254
2016-1-3,29,26,22,21,18,16,78,72,63,30.32,30.17,29.98,10,10,10,21,10,26,0.00,7,,322
2016-1-4,32,28,23,24,19,16,89,71,58,30.58,30.47,30.31,10,9,1,16,8,22,T,7,Snow,353
2016-1-5,33,26,19,22,18,13,85,74,56,30.59,30.50,30.38,10,10,10,21,9,25,0.00,0,,187
2016-1-6,36,30,23,28,23,19,81,71,59,30.37,30.28,30.20,10,10,10,14,8,18,0.00,2,,187
2016-1-7,40,37,34,31,27,25,79,68,60,30.19,30.09,29.97,10,10,10,10,6,13,T,8,Rain,145
2016-1-8,41,39,37,41,38,31,100,96,73,29.95,29.77,29.71,10,3,0,8,4,10,0.16,8,Fog-Rain,164
2016-1-9,40,31,22,40,33,19,100,96,85,29.88,29.80,29.74,9,4,0,24,8,32,0.10,8,Fog-Rain-Snow,309
2016-1-10,22,12,1,18,7,-6,86,76,67,30.13,29.95,29.76,10,10,6,28,14,36,T,5,Snow,299
2016-1-11,23,11,-2,20,6,-8,92,79,66,30.15,29.96,29.70,10,6,1,21,8,27,T,5,Snow,213
2016-1-12,20,12,3,13,1,-6,81,68,59,30.23,29.95,29.68,10,6,1,26,14,33,T,3,Snow,291
2016-1-13,25,13,0,19,5,-7,78,74,66,30.25,30.02,29.81,10,10,6,16,8,21,T,4,Snow,214
2016-1-14,43,34,24,37,29,19,88,77,62,29.79,29.67,29.52,10,10,8,15,8,21,0.00,1,,195
2016-1-15,43,37,30,38,32,23,93,85,75,29.68,29.49,29.39,10,8,2,21,12,26,0.00,6,,267
2016-1-16,30,19,8,23,15,-1,78,69,53,30.03,29.88,29.67,10,10,10,20,11,24,0.00,4,,296
2016-1-17,8,4,-1,-2,-8,-12,69,60,50,30.27,30.12,29.99,10,10,10,23,14,30,0.00,2,,297
2016-1-18,7,2,-4,-6,-9,-13,69,61,48,30.42,30.35,30.27,10,10,10,21,12,26,0.00,0,,284
2016-1-19,17,9,0,4,-3,-9,69,59,47,30.58,30.49,30.43,10,10,10,14,6,18,0.00,1,,244
2016-1-20,24,19,14,13,11,5,88,78,62,30.39,30.30,30.21,10,7,2,9,2,12,T,7,Snow,243
2016-1-21,30,21,12,17,14,11,92,77,58,30.42,30.37,30.32,10,8,1,7,2,9,0.00,0,,262
2016-1-22,30,23,16,23,20,15,88,80,61,30.32,30.28,30.23,10,7,1,15,9,20,T,8,Snow,355
2016-1-23,33,28,23,23,21,18,88,75,59,30.28,30.20,30.06,10,10,10,10,5,14,0.00,5,,270
2016-1-24,32,28,23,25,21,16,96,79,69,30.07,29.99,29.95,10,7,4,16,5,22,0.00,4,,225
2016-1-25,40,32,23,39,30,22,97,86,67,29.95,29.76,29.63,10,6,2,20,9,29,0.07,5,Rain,178
2016-1-26,37,31,24,34,24,17,93,78,66,30.24,29.99,29.65,10,8,2,22,14,32,0.01,7,Rain-Snow,270
2016-1-27,34,29,23,25,19,14,75,66,54,30.29,30.11,29.79,10,10,10,24,12,33,0.00,5,,229
2016-1-28,40,34,28,30,25,16,85,72,57,29.88,29.73,29.64,10,10,10,18,12,26,0.00,6,,291
2016-1-29,35,27,19,26,15,10,70,57,38,30.06,29.91,29.69,10,10,10,21,9,27,0.00,3,,220
2016-1-30,47,41,35,36,33,28,86,76,63,29.72,29.68,29.63,10,10,10,20,7,28,T,1,,218
2016-1-31,47,40,33,45,38,32,97,92,86,29.88,29.64,29.48,10,6,2,15,6,21,0.04,5,Rain,266
2016-2-1,46,37,27,33,30,27,96,82,54,30.15,30.03,29.86,10,8,4,8,2,11,0.00,0,,278
2016-2-2,37,33,28,37,35,29,100,95,82,30.17,29.73,29.47,8,3,0,25,8,32,1.19,7,Fog-Rain-Thunderstorm,65
2016-2-3,37,33,28,36,30,22,100,86,69,30.09,29.70,29.47,10,8,0,23,11,28,0.00,7,Fog,259
2016-2-4,32,26,20,21,16,11,75,65,47,30.29,30.23,30.08,10,10,10,15,8,19,0.00,5,,247
2016-2-5,34,29,23,26,21,17,89,75,52,30.40,30.35,30.28,10,9,7,15,5,19,T,5,Snow,296
2016-2-6,41,33,25,28,25,21,88,75,60,30.33,30.22,30.07,10,9,5,14,6,21,0.00,3,,217
2016-2-7,44,38,32,33,29,27,82,69,60,30.05,29.82,29.70,10,10,9,21,11,30,0.00,2,,225
2016-2-8,33,27,20,29,22,15,92,81,72,29.78,29.71,29.62,10,7,1,18,10,26,T,7,Snow,289
2016-2-9,20,17,14,15,10,5,88,76,62,29.99,29.85,29.73,10,6,2,20,14,26,T,8,Snow,316
2016-2-10,17,13,9,4,1,0,67,61,54,30.23,30.09,29.99,10,10,10,21,11,26,0.00,3,,311
2016-2-11,22,14,6,5,1,-3,67,56,40,30.38,30.32,30.22,10,10,10,14,6,17,0.00,1,,299
2016-2-12,22,14,6,10,3,-9,68,54,44,30.53,30.27,30.17,10,10,7,25,15,35,T,5,Snow,303
2016-2-13,17,10,2,-1,-7,-11,64,51,39,30.65,30.59,30.51,10,10,10,18,8,25,0.00,0,,321
2016-2-14,18,13,7,14,10,-1,88,79,56,30.50,30.19,30.03,10,4,0,17,9,24,T,7,Fog-Snow,139
2016-2-15,27,23,18,23,20,15,96,89,81,30.03,29.92,29.85,9,6,2,10,6,14,T,8,,203
2016-2-16,33,29,24,29,24,19,96,84,69,30.02,29.88,29.81,10,6,0,12,4,15,T,8,Fog-Snow,294
2016-2-17,33,26,19,25,18,14,89,72,46,30.40,30.27,30.05,10,9,5,12,5,15,0.00,2,,339
2016-2-18,42,32,21,31,25,18,89,72,62,30.43,30.25,29.91,10,9,6,26,13,36,0.00,3,,147
2016-2-19,62,52,41,45,38,32,68,61,49,29.86,29.66,29.46,10,10,10,38,23,54,0.00,3,,212
2016-2-20,57,48,39,34,33,32,79,57,40,30.04,29.89,29.77,10,10,10,15,9,22,0.00,0,,303
2016-2-21,40,34,28,34,30,27,92,79,70,30.24,30.14,30.04,10,10,10,15,8,20,0.00,5,,23
2016-2-22,43,34,25,31,28,24,96,80,60,30.23,30.19,30.14,10,10,7,9,2,12,0.00,6,,70
2016-2-23,44,34,23,30,26,22,96,74,43,30.18,30.11,29.98,10,9,6,15,6,19,0.00,1,,60
2016-2-24,36,34,32,31,28,25,92,78,67,29.94,29.69,29.61,10,6,1,29,18,38,0.07,7,Snow,4
2016-2-25,37,34,31,27,22,15,85,64,52,30.20,29.96,29.73,10,10,5,24,14,32,T,8,Snow,331
2016-2-26,33,29,25,22,17,13,75,58,48,30.30,30.22,30.13,10,10,10,15,8,19,0.00,5,,272
2016-2-27,55,42,29,36,27,23,78,58,35,30.11,29.92,29.75,10,10,10,20,12,28,0.00,0,,214
2016-2-28,62,49,36,45,36,27,82,59,49,29.79,29.58,29.44,10,10,8,29,17,37,0.02,3,Rain,243
2016-2-29,52,40,27,32,26,21,89,73,48,30.09,29.96,29.81,10,10,5,23,12,30,T,6,Rain-Snow,5
2016-3-1,29,23,17,27,21,9,93,84,71,30.11,29.90,29.79,10,6,0,24,14,34,T,7,Fog-Rain-Snow,8